0 31 43 48
1 48
2 38 48
3 48
4 38
5 48
6 31 38 48
7 4 48
8 31 48
9 31 48
10 48
11 47
12 22 48
13 38 48
14 4 37
15 13 31 43 48
16 13 31 43 48
17 13 31 48
18 41
19 30
20 23
21 4
22 4
23 31 38 41
24 13 31 48
25 41 48
26 41
27 13 31 48
28 31
29 4 48
30 4 13 31 48
31 4 8
32 13 31 48
33 13 31 48
34 8
35 4
36 48
37 12 48
38 13 22 31 38 48
39 12 48
40 12 48
41 13 31 41 47 48
42 12 30 48
43 8
44 13 22 31 38 48
45 13 31 41 47 48
46 12 22 48
47 15
48 31 42 48
49 12 22 48
50 12 31 38 42 48
51 3 13 31 38 41 47 48
52 6
53 47
54 13 22 31 38 41 47 48
55 18
56 41
57 41
58 12 30 48
59 12 22 48
60 12 19 31 38 42 48
61 3 13 31 38 41 47 48
62 1
63 27 37
64 4 6 31
65 8 22
66 13 31 41 47 48
67 13 22 31 38 42 48
68 13 31 41 43 47 48
69 4 6 19 31
70 38
71 4 6 13 19 22 31 38 41 42 47 48
72 27 41
73 5 12 19 31 38 41 42 46 48
74 48
75 4 5 12 19 31 38 41 42 46 48
76 48
77 4 31
78 4 5 12 13 19 31 38 41 42 46 47 48
79 8
80 13 22 31 38 41 47 48
81 4 48
82 8
83 3 4 5 12 13 19 31 38 41 42 46 47 48
84 4 6 13 31 48
85 4 5 12 13 19 22 31 38 41 42 46 47 48
86 4 5 12 13 19 22 31 38 41 42 46 47 48
87 4 6 13 31 35 41 47 48
88 31 48
89 13 22 31 38 41 47 48
90 3 4 5 12 13 19 22 31 38 41 42 46 47 48
91 41
92 4
93 4
94 3 4 5 12 13 19 22 31 38 41 42 46 47 48
95 42
96 12
97 23
98 37
99 4
100 12 13 22 31 38 41 47 48
101 12 13 22 31 35 38 41 42 47 48
102 4 5 12 13 19 22 31 38 41 42 46 47 48
103 13 22 31 38 41 47 48
104 19
105 18
106 19 27 44
107 44
108 4 5 6 12 13 19 31 35 37 38 41 42 46 47 48
109 19 27 41 44
110 41
111 3 4 5 12 13 19 20 31 38 41 42 46 47 48
112 4 6 19 31
113 4
114 4
115 4
116 13 31 41 47 48
117 4 5
118 3 4 5 6 12 13 19 20 22 31 35 37 38 41 42 46 47 48
119 4 5 12 19 31 38 41 42 46 48
120 4 5 12 13 19 31 38 41 42 46 48
121 4 5 12 19 31 38 41 42 46 48
122 12 30 48
123 7 33
124 3 4 5 12 13 19 31 38 41 42 46 47 48
125 42
126 19
127 12 22 31 42 48
128 15
129 6
130 12 13 19 22 31 38 42 48
131 12 31 38 39 42 48
132 42
133 41
134 18
135 18 41
136 4 5 6 12 13 19 31 35 37 38 41 42 46 47 48
137 27 41
138 8
139 19
140 42
141 34
142 48
143 12 41
144 4 6 19 31
145 14
146 41
147 4
148 48
149 27
150 4 6 19 31
151 6
152 38
153 12 13 22 31 38 41 47 48
154 6
155 48
156 4 41
157 15
158 30
159 5 12 19 31 38 41 42 46 48
160 19
161 4 12 13 22 31 38 41 47 48
162 4 5 37
163 5
164 4
165 3 4 5 12 13 19 31 38 41 42 46 47 48
166 31 38 41
167 7
168 17 19 24
169 6 12 19 35
170 17
171 5 6 12 19 31 35 38 41 42 46 48
172 41
173 12 41
174 1 7
175 35
176 4 5
177 8
178 41
179 18
180 35
181 35
182 4 5 8 12 19 31 38 41 42 46 48
183 8
184 6 19 27 41 44
185 4 5 6 12 13 19 27 31 35 37 38 41 42 44 46 47 48
186 3 4 5 6 12 13 19 31 35 38 41 42 46 47 48
187 3 4 5 12 13 19 20 31 38 41 42 46 47 48
188 34
189 6 41
190 12 48
191 4 5 6 19 31 37
192 17 19 24
193 4 6
194 4 15
195 4 6 15
196 15
197 4 5 6 12 13 19 31 35 37 38 41 42 46 47 48
198 40
199 18
200 37
201 8
202 4 6 12 13 19 22 31 35 38 41 42 47 48
203 48
204 3 4 5 6 12 13 19 20 31 38 41 42 46 47 48
205 8 30
206 4 31
207 3 4 5 6 12 13 19 20 31 35 37 38 41 42 46 47 48
208 41 48
209 19 24
210 41
211 41
212 13 22 31 38 41 43 47 48
213 5 6
214 5 6
215 42
216 4 5 12 19 31 38 41 42 46 48
217 23 36
218 6
219 47
220 40
221 6 30
222 8 30
223 4 5 6 12 13 19 27 31 35 37 38 41 42 46 47 48
224 45
225 42
226 27 41
227 3 4 5 12 13 19 20 27 31 38 41 42 46 47 48
228 19
229 21
230 8 12 15
231 8
232 8 12 15 16
233 4 5 12 19 31 38 41 42 46 48
234 4 8
235 18 23
236 30
237 5 27 47
238 5 47
239 31
240 8
241 8 39 48
242 21
243 14 19
244 30
245 4 15 40
246 11
247 4 37
248 45
249 21
250 41
251 4 6 41
252 1 3
253 1 3 15
254 4 5 8 12 19 31 38 41 42 46 48
255 6 38
256 8 30
257 19
258 19 27 41 44
259 3
260 6 15 16 17 21 25 36 46
261 21
262 1
263 6
264 30
265 8
266 45
267 1 20 32
268 4 5 8 12 19 31 38 41 42 46 48
269 4 16 33 40
270 19
271 5
272 8
273 8 16 40
274 45
275 3 13 31 38 41 47 48
276 8 42
277 5 6
278 8
279 8 15 30
280 4 5 6 12 19 31 37 38 41 42 46 48
281 17 19 24
282 3 4 5 6 12 13 19 20 31 38 41 42 46 47 48
283 4 5 6 12 13 19 27 31 35 37 38 41 42 44 46 47 48
284 6
285 7 27 37 41
286 6 15
287 18
288 16 37 40
289 1 3 4 5 7 8 11 15 27 36 37 41 49
290 27 41 49
291 41 49
292 5
293 24
294 4 5 8 12 15 19 31 38 39 41 42 46 48
295 18 41
296 18
297 18
298 6
299 18
300 11
301 11
302 34
303 15 24
304 15 16 17 24
305 4 5 6 12 19 31 37 38 41 42 46 47 48
306 19
307 40
308 4 5 6 15
309 6 21
310 27 37
311 6 37
312 7 17 33
313 1 5 7 17 27 33 37
314 5 6 15
315 19
316 4 5 8 12 19 31 38 41 42 46 48
317 4 5 8 12 15 19 26 31 38 40 41 42 46 48
318 42
319 15 36
320 8 32
321 12
322 2 27
323 20 34
324 41
325 4 5 8 12 15 19 26 31 38 40 41 42 46 48
326 15
327 19 27 41 44
328 17
329 1 4
330 1 4 27
331 1 2 7 8 15 27 37
332 7 27 37
333 0 28
334 0 28
335 14 42
336 36
337 4
338 8
339 38
340 24
341 15
342 1 8 15 27
343 5 19
344 15
345 4 15
346 18
347 8
348 5 6
349 0 28
350 3 4 5 6 12 13 19 20 21 31 38 41 42 46 47 48
351 5
352 4
353 37
354 37
355 37
356 4 5 8 15 16 33 37 40 45
357 18 41
358 27
359 3
360 17
361 35
362 19
363 15
364 3
365 5
366 8
367 1 3 11 15 27 36
368 1 3 7 8 11 15 27 36 37
369 5 19 47
370 8 15
371 7 27 37
372 4 5 6 12 13 19 27 31 35 37 38 41 42 44 46 47 48
373 4 5 6 12 13 19 27 31 35 37 38 41 42 44 46 47 48
374 18 37
375 18 37
376 15
377 16
378 25
379 5 7
380 41
381 18
382 12
383 3 4 5 6 12 13 19 20 31 37 38 41 42 46 47 48
384 6 35
385 6
386 8
387 18
388 23
389 10 15 23 45
390 8 12
391 15
392 16 30
393 45
394 3 4 5 6 12 13 19 20 31 38 41 42 46 47 48
395 15 36
396 41 48
397 7 19 27 37
398 7 19 27 37
399 33
400 12
401 8
402 1 3 11 15 27 36
403 12
404 4
405 24
406 15
407 21
408 24
409 4 5 8 12 19 31 38 41 42 46 48
410 0
411 18 23
412 7 26 27 37
413 14 17 19 24 42
414 18
415 15 16 36
416 21
417 16 25
418 16 17 21 25 36
419 6 16
420 16 18 25
421 6 30
422 8
423 5 15
424 37
425 8
426 4 5 6 15
427 2 4 5 6 12 13 19 27 31 35 37 38 41 42 44 46 47 48
428 17 19 40
429 3
430 15 17
431 15 16 17 24
432 15 16 17 21 25 29 36
433 8 16 40
434 1 7
435 28
436 4 8 12 15 16 17 21 24 25 33 36 40 45
437 5 6
438 47
439 46
440 4 5 8 10 15 16 33 37 40 45 49
441 1 5 7 17 33
442 7 17 33
443 7 27 37
444 5
445 21 33
446 15
447 4
448 19
449 27
450 5 47
451 7 27 37
452 38
453 16 19
454 18 23
455 5 40
456 16 24 25 36
457 5 27
458 1 3 8 11 15 27 36
459 1 3 5 8 9 11 15 27 36
460 24
461 2
462 1 3 7 8 11 15 27 36 37
463 18
464 18
465 6 7 15 16 17 21 25 33 36 46
466 6 15 16 17 21 25 36
467 46
468 7 8
469 7 8
470 1 2 5 7 8 15 17 27 33 37 40 42
471 0 28
472 21
473 1 3 8 11 15 26 27 36
474 1 2 5 7 15 17 27 33 37 40
475 7
476 37
477 18
478 38 42
479 37
480 1 3 5 7 8 10 11 12 15 16 17 19 21 25 26 27 36 37 40
481 4
482 16
483 37 40
484 30
485 30
486 24
487 45
488 18
489 21 49
490 42 44
491 2
492 6 15
493 16 30
494 18 23
495 18 23
496 1
497 19 27 41 44
498 19
499 42
500 16 17 21
501 38
502 0 28
503 5 27
504 1 3 5 8 11 15 27 36
505 23 36
506 16
507 8 16 33 40
508 36
509 15 42
510 1 3 6 7 8 11 15 21 27 36 37 49
511 38
512 19 21
513 3
514 8 12 31 38 39 42 48
515 12 31 38 39 42 48
516 1 3 5 8 11 15 27 36
517 16 19
518 8 45
519 8 12 15 16
520 5 15
521 4 5 15
522 4 5 15
523 4 8 12 15 16 17 21 24 25 33 36 40
524 24
525 14 17 19 24 42
526 15
527 1 7 19 27 37
528 21
529 18
530 1 3 7 8 11 15 27 36 37
531 16 21
532 21 29
533 21 29
534 37
535 8 16 17 21 25 36 40
536 4 8 12 15 16 17 21 24 25 33 36 40
537 16 45
538 12
539 38 42
540 19
541 1 7 8 15 27
542 37
543 8 15 16 22 45
544 6 16
545 2 8 12 15 16 17 18 21 24 25 30 32 36 40
546 8 12 15 16 17 21 25 32 36 40
547 1 5 7 17 33
548 1 5 7 17 33
549 7 26 27 37
550 16
551 6 15 16 17 21 25 36 46
552 4 16 33 40
553 18
554 19
555 6 21 49
556 8 21
557 4 5 8 10 15 16 33 37 40 45
558 1 3
559 8 36 47
560 15 17
561 21 49
562 6
563 40 45
564 5 8 15 16 33 37 40 45
565 1 3 7 8 10 11 15 27 36 37
566 15 16 17 21 25 36
567 1 3 8 11 15 26 27 36
568 1 2 5 7 17 27 33 37
569 1 3 4 7 8 10 11 12 15 16 17 19 21 23 25 27 32 36 37 40 45
570 16 24 25 36
571 8 15
572 1 3 4 8 10 11 12 15 16 17 21 25 27 32 36 40
573 19
574 2 8 15 42
575 24
576 1 3 7 8 10 11 15 27 36 37
577 30
578 7
579 15 33 40
580 8
581 1 3 7 10 11 15 27 36 37
582 1 3 7 8 10 11 15 19 27 36 37
583 2 8 42
584 8 12 15 16
585 15 16 17 21 25 36
586 1 20 32
587 1 45
588 1 45
589 1 3 6 7 8 11 15 27 36 37
590 16 30
591 18 23 45
592 35
593 37
594 1 3 7 8 11 15 26 27 36 37
595 8 12 15 16 17 18 21 24 25 30 32 36 40
596 21 33
597 21 33
598 8 16 17 21 25 33 36
599 16 17 21 25 33 36
600 4 16 33 40
601 6 15 16 17 21 25 36
602 17
603 2 8 12 15 16 17 18 21 24 25 30 32 36 40
604 16 24 25 36
605 1 2 5 7 8 15 17 27 33 37 40 42
606 15 36 45
607 36
608 2 8 12 15 16 17 18 21 24 25 30 32 33 36 40
609 1 3 4 8 10 11 12 15 16 17 21 25 27 32 36 40
610 1 3 4 8 11 12 15 16 17 21 25 27 36 40
611 17
612 40
613 1 2 5 7 8 15 17 27 33 37 40 42
614 15 16 33 37 40 45
615 2 8 12 15 16 17 18 21 24 25 30 32 36 40 49
616 33
617 1 3 4 5 6 7 8 10 11 12 15 16 17 19 21 25 26 27 36 37 40 41 49
618 8 15 25
619 30
620 1 2 4 5 7 8 15 16 17 21 27 33 37 40 42 45
621 6 15 16 17 21 25 36 46
622 15 16 17 19 33 37 40 45
623 18 24
624 2 8 12 15 16 17 18 21 24 25 30 32 33 36 40 45
625 25
626 4 16 33 40
627 7
628 16 25
629 1 5 7 17 33
630 2 4 5 8 10 12 15 16 17 18 21 23 24 25 30 32 33 36 37 40 45
631 2 7 8 15 42
632 1 2 5 7 15 17 27 33 37 40
633 17
634 8 16 17 21 24 25 36 40
635 2 6 8 12 15 16 17 18 21 24 25 30 32 36 40 49
636 2 4 8 12 15 16 17 18 21 24 25 30 32 33 36 40 45
637 18
638 8 12 15 16 17 21 25 36 40
639 1 2 5 7 8 15 17 27 33 37 40 42
640 7
641 1
642 18
643 2 4 5 8 10 12 15 16 17 18 21 23 24 25 30 32 33 36 37 40 45
644 6 32
645 15 16 17 21 25 36
646 15 16 17 21 25 36
647 18 24 32
648 2 7 8 15 42
649 10
650 8 12 15 16 17 21 25 36 40
651 1 3 7 8 10 11 15 19 27 36 37
652 1 8 12 15 16 17 21 25 36 40
653 1 2 7 27 37
654 2 38
655 2
656 8 12 15 16 22 45
657 1 2 7 8 15 27 37 42
658 6 21 49
659 16 40
660 2 4 5 8 10 12 15 16 17 18 21 23 24 25 30 32 33 36 37 40 45
661 1 2 5 7 8 15 17 27 33 37 40 42
662 2
663 8 16 17 21 24 25 36 40
664 21
665 8 12 15 16 17 21 24 25 36 40
666 8 12 15 16
667 1 2 5 7 8 15 17 27 33 37 40 42
668 8 12 15 16 17 21 24 25 30 36 40
669 1 4 8 12 15 16 17 21 24 25 30 32 33 36 40 45 46 47
670 2 4 5 8 10 12 15 16 17 18 21 23 24 25 30 32 33 36 37 40 45
671 5 8 15 16 33 37 40 45
672 1 2 4 8 12 15 16 17 18 21 24 25 30 32 33 36 40 45
673 1 2 4 8 12 15 16 17 18 21 22 24 25 30 32 33 36 40 45
674 4 8 12 15 16 17 21 24 25 33 36 40
675 1 2 4 5 8 10 12 15 16 17 18 21 23 24 25 30 32 33 36 37 40 45
676 1 3 11 15 27 36
677 14 17 19 24 42
678 8 12 15 16 22 45
679 24
680 8 12 14 15 16 17 19 21 24 25 30 36 40 42
681 8 12 14 15 16 17 19 21 24 25 30 36 40 42 44
682 2 4 5 6 8 10 12 15 16 17 18 21 24 25 30 32 33 36 37 40 45 49
683 4 5 8 10 15 16 33 37 40 45 49
684 8 12 14 15 16 17 19 21 24 25 30 36 40 42 44
685 1 2 4 8 12 15 16 17 18 21 22 24 25 30 32 33 36 40 45
686 1 2 4 8 12 15 16 17 18 21 22 24 25 30 32 33 36 40 45
687 6 15 16 17 21 25 36
688 1 4 8 12 15 16 17 21 24 25 30 32 33 36 40 45 46 47
689 8 12 15 16 17 21 24 25 30 36 40
690 8 12 14 15 16 17 19 21 24 25 30 36 40 42 44
691 1 2 3 4 5 6 7 8 10 11 12 15 16 17 19 21 23 25 26 27 32 33 36 37 40 41 42 45 49
692 17 19 40
693 18 23 24 32 36 40 46
694 17
695 4 16 33 40
696 16 30
697 1 2 4 8 12 15 16 17 18 21 22 24 25 30 32 33 36 40 45
698 1 2 3 4 5 6 7 8 10 11 12 15 16 17 19 21 23 25 26 27 32 33 36 37 40 41 42 45 49
699 1 2 4 8 12 15 16 17 18 21 22 24 25 30 32 33 36 40 45
700 1 2 4 8 12 15 16 17 18 21 22 24 25 30 32 33 36 40 45
701 1 2 5 7 8 15 17 27 33 37 40 42
702 1 3 5 7 8 10 11 12 15 16 17 19 21 25 26 27 32 36 37 40
703 1 2 4 5 7 8 15 16 17 21 27 33 37 40 42 45
704 16 18 25
705 1 3 5 7 8 10 11 12 15 16 17 19 21 25 26 27 36 37 40
706 1 2 3 4 5 6 7 8 10 11 12 15 16 17 18 21 24 25 27 30 32 33 36 37 40 45 49
707 4 8 12 15 16 17 21 24 25 33 36 40
708 1 4 8 12 15 16 17 21 24 25 30 33 36 40 45
709 1 2 4 8 12 15 16 17 18 21 22 24 25 30 32 33 36 40 45
710 4 8 12 15 16 17 21 24 25 33 36 40
711 6 15 16 17 21 25 36
712 1 3 4 8 10 11 12 15 16 17 21 25 27 32 36 40
713 6 7 15 16 17 21 25 33 36 46
714 6 7 15 16 17 21 25 33 36 46
715 6 7 14 15 16 17 19 21 24 25 33 36 42 46
716 1 2 5 6 7 8 15 16 17 21 25 27 32 33 36 37 40 42 46
717 4 8 12 15 16 17 21 24 25 33 36 40 45 46 47
718 1 4 8 12 15 16 17 21 24 25 30 33 36 40
719 8 12 14 15 16 17 19 21 24 25 30 36 40 42 44
720 1 2 4 5 7 8 15 16 17 21 27 33 37 40 45
721 16 18 25
722 1 2 4 8 12 15 16 17 18 21 22 24 25 30 32 33 36 40 45
723 2 4 5 8 10 12 15 16 17 18 21 23 24 25 30 32 33 36 37 40 45
724 4 8
725 1 2 5 7 17 27 33 37
726 1 2 4 8 12 15 16 17 18 21 22 24 25 30 32 33 36 40 45
727 1 3 7 8 11 15 26 27 36 37
728 1 2 4 8 12 15 16 17 18 21 22 24 25 30 32 33 36 40 45
729 1 2 4 8 12 15 16 17 18 21 22 24 25 30 32 33 36 40 45
730 1 2 4 8 12 15 16 17 18 21 22 24 25 30 32 33 36 40 45
731 15
732 1 2 3 4 5 6 7 8 10 11 12 15 16 17 18 21 24 25 27 30 32 33 36 37 40 45 49
733 8 16 17 19 21 25 29 33 36
734 18 24
735 4 8 32
736 1 2 4 8 12 15 16 17 18 21 22 24 25 30 32 33 36 40 45
737 1 5 7 17 32 33
738 2 8 10 15 17 23 33 40 42 45
739 6 8 16 17 19 21 25 29 33 36 49
740 47
741 1 8 12 15 16 17 21 25 27 36 40
742 1 3 5 7 8 10 11 12 15 16 17 19 21 25 26 27 36 37 40
743 4 5 8 15 16 32 33 36 37 40 45 46
744 1 2 4 5 7 8 15 16 17 27 33 37 40 45
745 1 2 3 4 5 6 7 8 10 11 12 15 16 17 18 21 24 25 27 30 32 33 36 37 40 45 49
746 1 3 4 7 8 10 11 12 15 16 17 21 24 25 27 30 32 33 36 37 40 45 46 47
747 21 34 49
748 1 2 4 6 8 12 15 16 17 18 21 22 24 25 30 32 33 36 40 45
749 8 12 15 16 17 21 24 25 30 36 40
750 1 2 3 4 5 6 7 8 10 11 12 15 16 17 19 21 23 25 26 27 32 33 36 37 40 41 42 45 49
751 4 8 12 15 16 17 21 25 32 36 40
752 1 4 8 12 15 16 17 21 24 25 30 32 33 36 40 45 46 47
