0 16 25
1 16 17 21 25 36
2 14
3 32
4 32
5 15 32 45
6 32 36
7 32
8 32
9 21
10 24
11 4 16 32
12 32
13 5 32
14 32
15 32 36
16 17 46
17 1 2 4 8 12 15 16 17 18 21 22 24 25 30 32 33 36 40 45
18 32
19 15 32
20 15 32
21 1 32
22 15 32
23 6 32
24 32 36 40
25 6 15 16 17 21 25 36 46
26 46
27 6 21 49
28 4 32
29 19
30 32
31 29
32 8 12 15 16 17 21 24 25 30 36 40
33 32
34 32
35 32
36 2
37 2 8 12 15 16 17 18 21 24 25 30 32 36 40
38 32 34
39 22 48
40 34
41 32 36 40 46
42 32
43 32
44 1 32
45 1 3 4 8 10 11 12 15 16 17 21 25 27 32 36 40
46 32
47 12
48 32
49 34
50 32
51 8 32
52 12
53 32
54 32
55 4 8 12 15 16 17 21 24 25 33 36 40
56 34
57 8 32
58 32
59 18
60 34
61 32
62 32
63 24
64 32
65 22
66 32 36 40 46
67 5 7 32
68 1 2 4 8 12 15 16 17 18 21 22 24 25 30 32 33 36 40 45
69 5
70 13 34
71 12
72 14
73 8 12 14 15 16 17 19 21 24 25 30 36 40 42 44
74 32 36 40 46
75 39
76 32
77 32
78 6 32
79 8 12 14 15 16 17 19 21 24 25 30 36 40 42 44
80 18 24 32
81 34
82 32 36 40 46
83 1 2 4 8 12 15 16 17 18 21 22 24 25 30 32 33 36 40 45
84 32 34
85 34
86 20 35
87 1
88 34
89 17 46
90 32 45
91 34 46
92 13
93 16 24 25 36
94 32
95 16 45
96 9
97 15
98 46
99 18 24 32 36 40 46
100 34 47
101 11 28
102 9 20
103 32
104 32 34 36 40 46
105 4 8 12 15 16 17 21 24 25 33 36 40 45 46 47
106 32 45
107 1 2 4 5 7 8 15 16 17 27 33 37 40 45
108 1 4 8 12 15 16 17 21 24 25 30 32 33 36 40 45 46 47
109 1 2 3 4 5 6 7 8 10 11 12 15 16 17 18 21 24 25 27 30 32 33 36 37 40 45 49
110 30
111 6 32
112 32
113 0
114 32
115 6 15 16 17 21 25 36 46
116 1 20 32
117 32
118 13 34
119 11 12
120 13 34
121 34 46
122 1
123 21 34
124 1 4 8 12 15 16 17 21 24 25 30 32 33 36 40 45 46 47
125 15 16 17 21 25 29 36
126 18 41
127 8 12 14 15 16 17 19 21 24 25 30 36 40 42 44
128 14
129 10
130 46
131 8 12 31 38 39 42 48
132 32
133 27
134 34 49
135 12
136 1 2 5 7 8 15 17 27 33 37 40 42
137 20 34
138 34
139 20 34 47
140 35
141 1 2 4 5 8 10 12 15 16 17 18 21 23 24 25 30 32 33 36 37 40 45
142 15 32
143 19 20 27 41 44
144 1 2 5 7 8 15 17 27 33 37 40 42
145 38
146 10
147 10
148 26
149 9
150 15 32
151 11 12
152 22
153 3
154 32 34
155 4 16 32
156 3 29 31
157 37
158 15 16 17 21 25 29 36
159 20 34
160 34
161 3
162 46
163 35
164 29
165 2 4 5 8 10 12 15 16 17 18 21 23 24 25 30 32 33 36 37 40 45
166 2 4 5 8 10 12 15 16 17 18 21 23 24 25 30 32 33 36 37 40 45
167 35 46
168 20
169 13
170 34
171 4
172 12
173 38
174 8 15 16 22 45
175 37 44
176 29
177 32
178 1 3 5 8 9 11 15 27 36
179 13 34
180 31
181 8 16 17 19 21 25 29 33 36
182 20
183 12
184 22
185 0 29
186 34 47
187 3 4 5 12 13 19 22 31 38 41 42 46 47 48
188 15
189 28
190 46
191 22
192 9
193 0 28 29
194 12
195 1 3 4 7 8 10 11 12 15 16 17 19 21 23 25 27 32 36 37 40 45
196 9
197 20 35
198 35
199 32
200 8 36 47
201 9 20
202 0 13 28
203 11 28
204 35
205 0 28
206 10
207 29
208 46
209 34
210 46
211 43
212 9 22 29
213 13
214 3 4 5 6 12 13 19 20 22 27 31 35 37 38 41 42 44 46 47 48
215 43
216 34 47
217 13
218 19
219 18
220 9 13
221 11 12 45
222 35
223 13
224 20
225 20
226 8 12 22 31 38 39 42 48
227 11 12 45
228 2 35 38 42
229 22
230 0 28 29
231 4 16 33 40
232 13 20
233 0 28 29
234 2 35 38 42
235 22
236 8 12 22 31 38 39 42 48
237 22
238 3 22 29 31
239 20
240 35
241 29
242 29
243 12
244 34 47 49
245 11 12
246 4 8 12 15 16 17 21 24 25 33 36 40
247 9
248 13 20
249 35
250 29
251 0 13 28
252 3 22 29 31
253 22
254 9 20 47
255 20 34
256 11 12
257 29
258 9 13 35
259 39
260 20
261 9 13
262 13
263 22
264 3 21 29 31
265 4
266 22 48
267 35 46
268 11
269 20
270 4 5 12 19 31 38 41 42 46 48
271 21 49
272 9 13 35
273 35
274 22 28
275 28
276 10
277 20 35
278 9
279 9
280 34
281 9 20 34 47
282 1 2 4 8 12 15 16 17 18 21 22 24 25 30 32 33 36 40 45
283 22
284 44
285 13
286 22
287 22
288 3 21 22 29 31
289 9 20 34 47
290 0 13 28
291 13
292 29
293 8 12 22 31 38 39 42 48
294 12 14
295 13
296 0 28
297 28
298 22
299 0 9 13 28 29
300 9 20 22 34 47 49
301 9 13 31 35 48
302 12
303 47
304 9
305 3 9 13 22 29 31
306 46
307 42
308 15
309 44
310 13 20
311 22 38
312 44
313 8 22 48
314 29
315 3 9 13 21 22 28 29 31 38
316 13 20
317 29
318 31
319 43
320 37 44
321 3 4 5 6 12 13 19 20 22 27 31 35 37 38 41 42 44 46 47 48
322 46
323 9 13
324 22
325 3
326 3 9 13 22 29 31 35
327 13 22
328 3 4 5 11 12 13 14 19 31 38 41 42 46 47 48
329 9 20
330 3 4 5 12 13 19 22 31 38 41 42 46 47 48
331 38
332 9 13 35
333 13
334 43
335 43
336 49
337 3 4 5 11 12 13 14 19 31 38 41 42 46 47 48
338 42 44
339 6 37
340 6 35
341 11 22
342 11 12 45
343 3 9 13 20 22 29 31 35 48
344 4 5 8 10 15 16 33 37 40 45
345 47
346 11 22 28
347 3 9 13 20 22 29 31 35 48
348 35
349 13
350 8 22 48
351 6 38
352 14 17 19 24 42
353 34
354 3 9 13 22 29 31
355 9 20 22 34 47 49
356 9
357 9 20
358 3 9 13 22 29 31
359 0 9 13 28 29 31 35 48
