0 17 40
1 38
2 12
3 33 42
4 25 42
5 20
6 12
7 17 48
8 43
9 4 12
10 28
11 47
12 44
13 4 35
14 4 35
15 17 28 40 42
16 3 40
17 24
18 24
19 3 4
20 24
21 8 24 25
22 24
23 11
24 10
25 46
26 10
27 35
28 14
29 7 42
30 35
31 4 35 39
32 3
33 35
34 13 28
35 32
36 19 28
37 1
38 10
39 19
40 17 25 42
41 14
42 14
43 9
44 39
45 10
46 1
47 32
48 14
49 47
50 3
51 15 25
52 14
53 42
54 30
55 14
56 3 4 8
57 3 4 8
58 11
59 9 36
60 17 25 42
61 10
62 43
63 12
64 14 26 43
65 14
66 6
67 3 40
68 4
69 7 27 38 40 45
70 28
71 7 24 27 32 38 40 45
72 10
73 19 28
74 14 17 26 43
75 10 13
76 48
77 7 24 27 32 38 40 45
78 4 48
79 48
80 19 26 35
81 7 27 40
82 4
83 24
84 19 26 35
85 19
86 47
87 32
88 32
89 28
90 27 40
91 23
92 23 25 32 33
93 23
94 28
95 23 25 32 33
96 3
97 23
98 24
99 3
100 17
101 35
102 4 35
103 1 31
104 5
105 35
106 40
107 7 8 24 25 27 38 40 45
108 34
109 30
110 35
111 10
112 10
113 8
114 35
115 4
116 47
117 10
118 12
119 15
120 4
121 9
122 23
123 35
124 40
125 30
126 14 17 26 43
127 27 38 40
128 33
129 11
130 28
131 35
132 43
133 14
134 11
135 15
136 32
137 10 42 47
138 1 11
139 10
140 19
141 18
142 32
143 23
144 15 45
145 14
146 14
147 1
148 20
149 14
150 3
151 18
152 20
153 20
154 20
155 11
156 9 10
157 17 48
158 19
159 28
160 3
161 8 24
162 39
163 30
164 7 27 38 40
165 7 27 38 40 45
166 38
167 40
168 4
169 48
170 7 42
171 11
172 27 40
173 7 8 17 23 24 25 27 32 33 38 40 42 43 45
174 17
175 27 40
176 7 27 38 40
177 7 27 38 40
178 4 12 35 39
179 5 19
180 14 35
181 24
182 7 27 38 40
183 38 40
184 35
185 5
186 7 8 24 25 27 38 40 45
187 30
188 10
189 40
190 34
191 40
192 0 17 30 43
193 13 28
194 28
195 38 40
196 9 19 22 28 35 46
197 28
198 13 19
199 17 28 30 43
200 3
201 36
202 20
203 46
204 19
205 4
206 35
207 43
208 13 28
209 11
210 28
211 35
212 6
213 28
214 25
215 46
216 14
217 47
218 35
219 39
220 45
221 17 28 30 43
222 15 25 35 45
223 44
224 32
225 20
226 1
227 20
228 27
229 46
230 11 35
231 4
232 4
233 4
234 4
235 47
236 14
237 34
238 37
239 19
240 4 48
241 13
242 32
243 26
244 4 12 35 39
245 4 12 35 39
246 3 4 12 17 43 46
247 39
248 4
249 19 26 35
250 39
251 4 35
252 3 4 12 17 43 46
253 19
254 28 44
255 14
256 28 44
257 7 27 38 40 45
258 4 35
259 4 12
260 12
261 4 35
262 35
263 11 35
264 28
265 39
266 22 28
267 35
268 33
269 34
270 23
271 35
272 1 11 16 19 22 34 37 44
273 7 8 24 25 27 38 40 45
274 23
275 14
276 37
277 9 10
278 13 19
279 17 23 25 32 33 42
280 17 25 33 42
281 9
282 7 8 17 23 24 25 27 32 33 38 40 42 43 45
283 7 8 24 25 27 32 38 40 45
284 4
285 34
286 14
287 7 8 15 17 23 24 25 27 32 33 35 38 40 42 43 45
288 7 24 25 27 38 40 45
289 4 19
290 34
291 12
292 11 16
293 1 11
294 8 24
295 8 24 38
296 26
297 7 8 24 25 27 38 40 45
298 12
299 26 32
300 10
301 14
302 12 17
303 26 32
304 25 42 43
305 15 25 45
306 7 8 24 25 27 32 38 40 45
307 7 27 38 40 45
308 26
309 1
310 31 34
311 7 8 24 25 27 38 40 45
312 48
313 4
314 10
315 7 27 38 40 45
316 15 35
317 8 24
318 43
319 25
320 7 8 24 25 27 38 40 45
321 7 27 38 40 45
322 17 40
323 2
324 4 19
325 40
326 43
327 28
328 18
329 1
330 15 25 45
331 23
332 23
333 15 48
334 39
335 24
336 4
337 12 17
338 23
339 4 26 48
340 2
341 11
342 7 8 24 25 27 32 38 40 45
343 7 27 38 40 45
344 14 17 26 43
345 42
346 24
347 7 8 15 17 23 24 25 27 32 33 35 38 40 42 43 45
348 25
349 1
350 48
351 15
352 34
353 20 48
354 15
355 23
356 23
357 17 25 33 35 42
358 7 8 15 17 23 24 25 27 32 33 35 38 40 42 43 45
359 5
360 17 25 33 35 42
361 7 8 24 27 38 40 45
362 7 27 38 40 45
363 17
364 23
365 47
366 34
367 8 24
368 0 17 30 43
369 34
370 4
371 17
372 4
373 48
374 4 19
375 24
376 7 8 15 17 23 24 25 27 32 33 35 38 40 42 43 45
377 26 32
378 20 31
379 34
380 48
381 10
382 28
383 4 15 48
384 48
385 4 15 48
386 12
387 11
388 43
389 20
390 34
391 12
392 7 8 15 17 23 24 25 27 32 33 35 38 40 42 43 45
393 1
394 28
395 11
396 3 12 46
397 15 48
398 15 25 35 45
399 34
400 45
401 9
402 28
403 34 36 41
404 3
405 3 40
406 34
407 2
408 4 12 35 39
409 18
410 26 32
411 17 28 30 40 43
412 7 8 15 17 23 24 25 27 32 33 35 38 40 42 43 45
413 4 15 48
414 23
415 1 36
416 43
417 10 31 42 47
418 17 25 33 42
419 9
420 10
421 14
422 9 19 22 28 35 46
423 44
424 14
425 11 16
426 5 19
427 5 11 16 19 22 36 37 44
428 1
429 5 16 36
430 11
431 3
432 38
433 35
434 19 22 28 46
435 32
436 9 19 22 28 46
437 22
438 22
439 28
440 14
441 22
442 22 44
443 5
444 9 11 16 19 22 34 37 44
445 1 9
446 14
447 1
448 43
449 11
450 14
451 14
452 14
453 17 25 33 35 42
454 4
455 32
456 14
457 14
458 10 31 42 47
459 35
460 22
461 20
462 1
463 36
464 36
465 1
466 34
467 9 11 16 19 22 34 37 44
468 36
469 10
470 43
471 36 43
472 36
473 30 36
474 36
475 1 5 9 11 16 19 22 28 36 37 44 46
476 34
477 19
478 19 22 28 46
479 3
480 32
481 10
482 4
483 34
484 24
485 19 28 35
486 32
487 39
488 8 24
489 32
490 19
491 42
492 19
493 10
494 19
495 32
496 19
497 10
498 19
499 17
500 43
501 3
502 10
503 11
504 22
505 28
506 5 29
507 16 19
508 26
509 39
510 33
511 22
512 23
513 17
514 2
515 2
516 22
517 11 16 19 22 37 44
518 2
519 5 19
520 5 19
521 22
522 19 22 28 36 46
523 19 22 28 36 46
524 3
525 5 19
526 5
527 14
528 14
529 32
530 28
531 10
532 35
533 43
534 8 21
535 11
536 19 28 35
537 14
538 36
539 40
540 12
541 35
542 43
543 11 14
544 44
545 11 14
546 11 16 19 22 37 44
547 1
548 1 11
549 46
550 17
551 31
552 35
553 28
554 1
555 11 16
556 14
557 1
558 32
559 23
560 10 42 47
561 25 42 43
562 32
563 1
564 1
565 17 28
566 5
567 14
568 1
569 4
570 3
571 1 11
572 20
573 46
574 11 16 19 22 34 37 44
575 9 11 16 19 22 34 37 44
576 28
577 39
578 43
579 3
580 3
581 3
582 9 36
583 3
584 19
585 7 24 27 38 40 45
586 27 45
587 25
588 1
589 1
590 12
591 28 40 42
592 7 27 38 40 45
593 11
594 26 43
595 40
596 14 35
597 1 5 9 11 16 19 22 28 36 37 44 46
598 20
599 36
600 3 43
601 21
602 20
603 28
604 16
605 9 22 28
606 13 28
607 30
608 40
609 38
610 21
611 19
612 5
613 30
614 3 4 12 43 46
615 11
616 12 17 28 30 40 43
617 17
618 17 25 33 42
619 39
620 43
621 13 28
622 35
623 26
624 27
625 22 28
626 14
627 39
628 4 44
629 9
630 17 30 43
631 17
632 15
633 19 21
634 15
635 20 48
636 19
637 19
638 19
639 14
640 11 16 22 37
641 5
642 11
643 1
644 22
645 14
646 26
647 10
648 7 8 24 25 27 32 38 40 45
649 6
650 8
651 5 19
652 46
653 44
654 1 5 9 11 16 19 22 28 36 37 44 46
655 11 16 19 21 22 37 44
656 22
657 44
658 44
659 11 16 19 22 37 44
660 35
661 4 35 44
662 44
663 4 12
664 9
665 23
666 11 16 19 21 22 37 44
667 28
668 23 25 33
669 28 40 42
670 35
671 4 35
672 4 35 39
673 33
674 39
675 35
676 22
677 11 16 19 22 37 44
678 35
679 32
680 34
681 35
682 19 21
683 4
684 39
685 37
686 23 25 33 42
687 12
688 37
689 8 24 38
690 38
691 37
692 14
693 4 12
694 34
695 14
696 28
697 24
698 7 8 15 17 23 24 25 27 32 33 35 38 40 42 43 45
699 9
700 11 16 19 22 34 37 44
701 1
702 11
703 11 16
704 18
705 5 11 16 19 22 36 37 44
706 0 17 30 43
707 22
708 35
709 38
710 34
711 1 9
712 10
713 40
714 10
715 14 43
716 36
717 1
718 3
719 1
720 22
721 48
722 17
723 3
724 2
725 39
726 30
727 30
728 14 17 26 43
729 9 11 16 19 22 34 37 44
730 34
731 42
732 19
733 23
734 2
735 34
736 23
737 2
738 17 23 25 32 33 42
739 28
740 22
741 10
742 11
743 23 25 33 42
744 3 4 12 43 46
745 19 28 35
746 12 17 25 28 30 40 42 43
747 47
748 11
749 28
750 7 8 24 25 27 38 40 45
751 3 4 12 46
752 48
753 12
754 8
755 1
756 7 8 24 25 27 32 38 40 45
757 3
758 1 11 16 19 22 34 37 44
759 24
760 10
761 36
762 23
763 1 9 11 16 19 22 34 37 44
764 7 8 15 17 23 24 25 27 32 33 35 38 40 42 43 45
765 15
766 20 31 48
767 35
768 14
769 22 28
770 23
771 3
772 3
773 3
774 20
775 1 37
776 43
777 1 11 16 19 22 34 37 44
778 0 17 30 43
779 8
780 15 48
781 11
782 43
783 1
784 3
785 3
786 3
787 3
788 17 30 43
789 39
790 17 28 30 43
791 36
792 36
793 26 43
794 0 17 30 43
795 47
796 25
797 12 17 25 28 30 40 42 43
798 12 17
799 14
800 39
801 5
802 35
803 14 43
804 43
