0 29
1 21
2 13 26
3 8 21
4 30
5 37
6 31
7 22 29
8 16
9 25
10 31
11 37
12 21
13 22
14 14 43
15 41
16 6
17 18 20
18 26 39
19 29
20 5
21 46
22 49
23 22 26
24 5 29
25 13
26 31
27 2
28 18 20
29 3 46
30 6 16 29
31 19
32 6
33 9 22
34 31 34
35 19
36 42
37 22
38 13
39 37
40 13
41 31
42 16 29
43 38
44 13
45 16
46 18
47 31
48 37 41
49 12 21
50 16
51 29
52 31
53 29
54 13
55 44
56 16
57 13
58 22 26
59 11
60 22
61 40
62 41
63 34
64 37
65 39
66 9 16 22 29
67 21
68 6
69 23
70 5
71 5
72 26
73 5
74 13 26
75 12 21
76 2
77 9
78 6 16 29
79 31
80 43
81 27 38 40
82 34 36
83 46
84 6
85 15
86 13
87 30
88 17
89 13
90 9 11 16 19 22 34 37 44
91 6 9 16 22 29
92 9 11 16 19 22 34 37 44
93 22
94 10 13
95 13
96 13
97 18
98 7 42
99 13
100 2
101 6
102 33
103 13
104 13
105 16
106 31 43
107 34
108 22
109 26
110 0
111 19
112 41
113 16
114 6
115 9 11 16 19 22 34 37 44
116 29
117 21
118 16 29
119 2
120 4 26
121 12
122 11
123 3 43
124 22
125 26
126 8 24
127 6
128 29
129 1
130 26
131 16
132 38
133 28
134 18
135 13
136 9
137 18
138 28 40
139 2
140 37
141 31
142 49
143 37
144 31
145 1
146 6 16 29
147 31
148 35
149 12
150 43
151 22
152 5
153 5
154 21
155 22
156 13
157 18
158 31
159 16
160 13
161 20
162 18
163 5
164 13
165 33
166 26
167 6 16 29
168 6
169 37
170 21
171 13 30
172 41
173 16
174 21
175 31
176 13 16
177 2
178 39
179 18
180 6 9 16 22 29
181 18
182 16
183 26 32
184 16
185 13
186 13
187 46
188 24
189 22
190 6
191 37
192 11
193 42
194 22
195 22
196 26
197 43
198 7 27 38 40 45
199 31 41
200 31
201 37
202 13
203 32
204 3
205 44
206 23
207 7
208 43
209 12
210 23
211 31
212 8 24 31 43
213 16
214 32
215 26
216 29
217 24
218 11
219 8 24 31 43
220 37 41
221 21
222 43
223 16
224 32
225 37
226 31
227 31
228 3
229 4
230 26 39
231 26
232 30
233 31
234 16
235 43
236 26 43
237 13 31
238 26
239 34
240 12
241 26 32
242 28 40
243 6
244 14 17 26 43
245 47
246 14 26 43
247 15
248 31
249 6 16 29
250 6
251 31
252 13
253 31
254 10
255 37
256 18
257 4
258 31 34 36 41
259 35
260 14
261 26 32
262 17
263 12
264 20
265 13
266 12 43
267 43
268 9 16 22 29
269 13
270 16
271 26
272 11
273 21
274 43
275 1 31
276 43
277 31
278 23
279 30 36
280 22 26
281 12
282 43
283 43
284 29 37
285 21
286 32
287 36
288 16
289 17 30 43
290 8
291 31
292 37
293 13 30
294 26
295 32
296 31
297 30
298 37
299 23 25
300 16
301 9 16 22 29
302 16
303 47
304 26
305 0
306 10 32
307 13
308 43
309 31
310 29 37 41
311 9
312 26 43
313 8 24 31 43
314 27
315 31
316 46
317 21
318 5
319 20 31
320 46
321 13 16
322 13 31
323 43
324 6 16 29
325 34
326 4 15 48
327 6 9 16 22 29
328 43
329 31
330 13
331 26
332 4 12 35 39
333 35
334 29
335 6
336 12 17 25 28 30 40 42 43
337 30
338 43
339 21
340 9
341 36 43
342 6
343 6
344 13
345 8
346 43
347 44
348 24
349 43
350 6
351 21
352 9
353 26
354 13
355 15 27 45
356 41
357 15
358 4
359 43
360 30
361 49
362 31
363 10 32
364 28
365 43
366 3 12 46
367 7 8 24 25 27 38 40 45
368 16
369 31
370 11
371 21
372 12
373 31
374 49
375 3 43
376 43
377 18 20
378 26
379 31
380 6
381 4 19
382 26
383 4
384 36
385 49
386 44
387 43
388 4
389 31
